Cost		Observability	Redundancy	Layout
(0, 0, 0)	[0, 0, 0, 0, 0, 0, 0, 0, 0, 0, 0]
(1, 2, 0)	[0, 0, 0, 0, 1, 0, 0, 0, 0, 0, 0]
(1, 2, 0)	[0, 0, 1, 0, 0, 0, 0, 0, 0, 0, 0]
(2, 4, 0)	[0, 0, 0, 0, 0, 1, 1, 0, 0, 0, 0]
(2, 4, 0)	[0, 0, 0, 0, 1, 0, 0, 0, 0, 0, 1]
(2, 4, 0)	[0, 0, 0, 0, 1, 0, 0, 1, 0, 0, 0]
(2, 4, 0)	[0, 0, 0, 0, 1, 0, 1, 0, 0, 0, 0]
(2, 4, 0)	[0, 0, 0, 0, 1, 1, 0, 0, 0, 0, 0]
(2, 4, 0)	[0, 0, 0, 1, 0, 0, 0, 0, 0, 0, 1]
(2, 4, 0)	[0, 0, 0, 1, 1, 0, 0, 0, 0, 0, 0]
(2, 4, 0)	[0, 0, 1, 0, 0, 0, 0, 0, 0, 0, 1]
(2, 4, 0)	[0, 0, 1, 0, 0, 0, 0, 1, 0, 0, 0]
(2, 4, 0)	[0, 0, 1, 0, 0, 0, 1, 0, 0, 0, 0]
(2, 4, 0)	[0, 0, 1, 0, 0, 1, 0, 0, 0, 0, 0]
(2, 4, 0)	[0, 0, 1, 1, 0, 0, 0, 0, 0, 0, 0]
(2, 4, 0)	[0, 1, 0, 0, 0, 0, 0, 1, 0, 0, 0]
(2, 4, 0)	[0, 1, 0, 0, 1, 0, 0, 0, 0, 0, 0]
(2, 4, 0)	[0, 1, 1, 0, 0, 0, 0, 0, 0, 0, 0]
(2, 2, 2)	[0, 0, 1, 0, 1, 0, 0, 0, 0, 0, 0]
(3, 6, 0)	[0, 0, 0, 0, 0, 1, 0, 0, 1, 1, 0]
(3, 6, 0)	[0, 0, 0, 0, 0, 1, 1, 0, 0, 0, 1]
(3, 6, 0)	[0, 0, 0, 0, 0, 1, 1, 0, 0, 1, 0]
(3, 6, 0)	[0, 0, 0, 0, 0, 1, 1, 0, 1, 0, 0]
(3, 6, 0)	[0, 0, 0, 0, 0, 1, 1, 1, 0, 0, 0]
(3, 6, 0)	[0, 0, 0, 0, 1, 0, 0, 0, 1, 1, 0]
(3, 6, 0)	[0, 0, 0, 0, 1, 0, 0, 1, 0, 0, 1]
(3, 6, 0)	[0, 0, 0, 0, 1, 0, 0, 1, 0, 1, 0]
(3, 6, 0)	[0, 0, 0, 0, 1, 0, 1, 0, 0, 0, 1]
(3, 6, 0)	[0, 0, 0, 0, 1, 0, 1, 0, 0, 1, 0]
(3, 6, 0)	[0, 0, 0, 0, 1, 0, 1, 0, 1, 0, 0]
(3, 6, 0)	[0, 0, 0, 0, 1, 0, 1, 1, 0, 0, 0]
(3, 6, 0)	[0, 0, 0, 0, 1, 1, 0, 0, 0, 0, 1]
(3, 6, 0)	[0, 0, 0, 0, 1, 1, 0, 0, 0, 1, 0]
(3, 6, 0)	[0, 0, 0, 0, 1, 1, 0, 0, 1, 0, 0]
(3, 6, 0)	[0, 0, 0, 0, 1, 1, 0, 1, 0, 0, 0]
(3, 6, 0)	[0, 0, 0, 1, 0, 0, 0, 1, 0, 0, 1]
(3, 6, 0)	[0, 0, 0, 1, 0, 0, 1, 0, 0, 0, 1]
(3, 6, 0)	[0, 0, 0, 1, 0, 1, 0, 0, 0, 0, 1]
(3, 6, 0)	[0, 0, 0, 1, 0, 1, 1, 0, 0, 0, 0]
(3, 6, 0)	[0, 0, 0, 1, 1, 0, 0, 1, 0, 0, 0]
(3, 6, 0)	[0, 0, 0, 1, 1, 0, 1, 0, 0, 0, 0]
(3, 6, 0)	[0, 0, 0, 1, 1, 1, 0, 0, 0, 0, 0]
(3, 6, 0)	[0, 0, 1, 0, 0, 0, 0, 0, 1, 1, 0]
(3, 6, 0)	[0, 0, 1, 0, 0, 0, 0, 1, 0, 0, 1]
(3, 6, 0)	[0, 0, 1, 0, 0, 0, 0, 1, 0, 1, 0]
(3, 6, 0)	[0, 0, 1, 0, 0, 0, 1, 0, 0, 0, 1]
(3, 6, 0)	[0, 0, 1, 0, 0, 0, 1, 0, 0, 1, 0]
(3, 6, 0)	[0, 0, 1, 0, 0, 0, 1, 0, 1, 0, 0]
(3, 6, 0)	[0, 0, 1, 0, 0, 0, 1, 1, 0, 0, 0]
(3, 6, 0)	[0, 0, 1, 0, 0, 1, 0, 0, 0, 0, 1]
(3, 6, 0)	[0, 0, 1, 0, 0, 1, 0, 0, 0, 1, 0]
(3, 6, 0)	[0, 0, 1, 0, 0, 1, 0, 0, 1, 0, 0]
(3, 6, 0)	[0, 0, 1, 0, 0, 1, 0, 1, 0, 0, 0]
(3, 6, 0)	[0, 0, 1, 1, 0, 0, 0, 1, 0, 0, 0]
(3, 6, 0)	[0, 0, 1, 1, 0, 0, 1, 0, 0, 0, 0]
(3, 6, 0)	[0, 0, 1, 1, 0, 1, 0, 0, 0, 0, 0]
(3, 6, 0)	[0, 1, 0, 0, 0, 0, 0, 1, 0, 0, 1]
(3, 6, 0)	[0, 1, 0, 0, 0, 0, 0, 1, 0, 1, 0]
(3, 6, 0)	[0, 1, 0, 0, 0, 0, 1, 1, 0, 0, 0]
(3, 6, 0)	[0, 1, 0, 0, 0, 1, 0, 1, 0, 0, 0]
(3, 6, 0)	[0, 1, 0, 0, 0, 1, 1, 0, 0, 0, 0]
(3, 6, 0)	[0, 1, 0, 0, 1, 0, 0, 0, 0, 0, 1]
(3, 6, 0)	[0, 1, 0, 0, 1, 0, 0, 0, 0, 1, 0]
(3, 6, 0)	[0, 1, 0, 0, 1, 0, 1, 0, 0, 0, 0]
(3, 6, 0)	[0, 1, 0, 0, 1, 1, 0, 0, 0, 0, 0]
(3, 6, 0)	[0, 1, 0, 1, 0, 0, 0, 0, 0, 0, 1]
(3, 6, 0)	[0, 1, 0, 1, 0, 0, 0, 1, 0, 0, 0]
(3, 6, 0)	[0, 1, 0, 1, 1, 0, 0, 0, 0, 0, 0]
(3, 6, 0)	[0, 1, 1, 0, 0, 0, 0, 0, 0, 0, 1]
(3, 6, 0)	[0, 1, 1, 0, 0, 0, 0, 0, 0, 1, 0]
(3, 6, 0)	[0, 1, 1, 0, 0, 0, 1, 0, 0, 0, 0]
(3, 6, 0)	[0, 1, 1, 0, 0, 1, 0, 0, 0, 0, 0]
(3, 6, 0)	[0, 1, 1, 1, 0, 0, 0, 0, 0, 0, 0]
(3, 6, 0)	[1, 0, 0, 0, 0, 0, 0, 1, 0, 1, 0]
(3, 6, 0)	[1, 0, 0, 0, 1, 0, 0, 0, 0, 1, 0]
(3, 6, 0)	[1, 0, 0, 0, 1, 0, 0, 1, 0, 0, 0]
(3, 6, 0)	[1, 0, 1, 0, 0, 0, 0, 0, 0, 1, 0]
(3, 6, 0)	[1, 0, 1, 0, 0, 0, 0, 1, 0, 0, 0]
(3, 6, 0)	[1, 1, 0, 0, 0, 0, 0, 1, 0, 0, 0]
(3, 6, 0)	[1, 1, 0, 0, 1, 0, 0, 0, 0, 0, 0]
(3, 6, 0)	[1, 1, 1, 0, 0, 0, 0, 0, 0, 0, 0]
(3, 4, 3)	[0, 0, 0, 0, 1, 1, 1, 0, 0, 0, 0]
(3, 4, 3)	[0, 0, 0, 1, 1, 0, 0, 0, 0, 0, 1]
(3, 4, 3)	[0, 0, 1, 0, 0, 1, 1, 0, 0, 0, 0]
(3, 4, 3)	[0, 0, 1, 1, 0, 0, 0, 0, 0, 0, 1]
(3, 4, 3)	[0, 1, 0, 0, 1, 0, 0, 1, 0, 0, 0]
(3, 4, 3)	[0, 1, 1, 0, 0, 0, 0, 1, 0, 0, 0]
(4, 9, 0)	[0, 0, 0, 0, 0, 1, 0, 1, 1, 1, 0]
(4, 9, 0)	[0, 0, 0, 0, 0, 1, 1, 1, 0, 1, 0]
(4, 9, 0)	[0, 0, 0, 0, 0, 1, 1, 1, 1, 0, 0]
(4, 9, 0)	[0, 0, 0, 0, 1, 0, 0, 1, 1, 1, 0]
(4, 9, 0)	[0, 0, 0, 0, 1, 0, 1, 1, 0, 1, 0]
(4, 9, 0)	[0, 0, 0, 0, 1, 0, 1, 1, 1, 0, 0]
(4, 9, 0)	[0, 0, 0, 0, 1, 1, 0, 1, 0, 1, 0]
(4, 9, 0)	[0, 0, 0, 0, 1, 1, 0, 1, 1, 0, 0]
(4, 9, 0)	[0, 0, 1, 0, 0, 0, 0, 1, 1, 1, 0]
(4, 9, 0)	[0, 0, 1, 0, 0, 0, 1, 1, 0, 1, 0]
(4, 9, 0)	[0, 0, 1, 0, 0, 0, 1, 1, 1, 0, 0]
(4, 9, 0)	[0, 0, 1, 0, 0, 1, 0, 1, 0, 1, 0]
(4, 9, 0)	[0, 0, 1, 0, 0, 1, 0, 1, 1, 0, 0]
(4, 9, 0)	[0, 1, 0, 0, 0, 0, 0, 1, 1, 1, 0]
(4, 9, 0)	[0, 1, 0, 0, 0, 0, 1, 1, 0, 1, 0]
(4, 9, 0)	[0, 1, 0, 0, 0, 0, 1, 1, 1, 0, 0]
(4, 9, 0)	[0, 1, 0, 0, 0, 1, 0, 0, 1, 1, 0]
(4, 9, 0)	[0, 1, 0, 0, 0, 1, 0, 1, 0, 1, 0]
(4, 9, 0)	[0, 1, 0, 0, 0, 1, 0, 1, 1, 0, 0]
(4, 9, 0)	[0, 1, 0, 0, 0, 1, 1, 0, 0, 1, 0]
(4, 9, 0)	[0, 1, 0, 0, 0, 1, 1, 0, 1, 0, 0]
(4, 9, 0)	[0, 1, 0, 0, 1, 0, 0, 0, 1, 1, 0]
(4, 9, 0)	[0, 1, 0, 0, 1, 0, 1, 0, 0, 1, 0]
(4, 9, 0)	[0, 1, 0, 0, 1, 0, 1, 0, 1, 0, 0]
(4, 9, 0)	[0, 1, 0, 0, 1, 1, 0, 0, 0, 1, 0]
(4, 9, 0)	[0, 1, 0, 0, 1, 1, 0, 0, 1, 0, 0]
(4, 9, 0)	[0, 1, 1, 0, 0, 0, 0, 0, 1, 1, 0]
(4, 9, 0)	[0, 1, 1, 0, 0, 0, 1, 0, 0, 1, 0]
(4, 9, 0)	[0, 1, 1, 0, 0, 0, 1, 0, 1, 0, 0]
(4, 9, 0)	[0, 1, 1, 0, 0, 1, 0, 0, 0, 1, 0]
(4, 9, 0)	[0, 1, 1, 0, 0, 1, 0, 0, 1, 0, 0]
(4, 9, 0)	[1, 0, 0, 0, 0, 0, 0, 1, 1, 1, 0]
(4, 9, 0)	[1, 0, 0, 0, 0, 0, 1, 1, 0, 1, 0]
(4, 9, 0)	[1, 0, 0, 0, 0, 0, 1, 1, 1, 0, 0]
(4, 9, 0)	[1, 0, 0, 0, 0, 1, 0, 0, 1, 1, 0]
(4, 9, 0)	[1, 0, 0, 0, 0, 1, 0, 1, 0, 1, 0]
(4, 9, 0)	[1, 0, 0, 0, 0, 1, 1, 0, 0, 1, 0]
(4, 9, 0)	[1, 0, 0, 0, 0, 1, 1, 0, 1, 0, 0]
(4, 9, 0)	[1, 0, 0, 0, 0, 1, 1, 1, 0, 0, 0]
(4, 9, 0)	[1, 0, 0, 0, 1, 0, 0, 0, 1, 1, 0]
(4, 9, 0)	[1, 0, 0, 0, 1, 0, 0, 1, 1, 0, 0]
(4, 9, 0)	[1, 0, 0, 0, 1, 0, 1, 0, 0, 1, 0]
(4, 9, 0)	[1, 0, 0, 0, 1, 0, 1, 0, 1, 0, 0]
(4, 9, 0)	[1, 0, 0, 0, 1, 0, 1, 1, 0, 0, 0]
(4, 9, 0)	[1, 0, 0, 0, 1, 1, 0, 0, 0, 1, 0]
(4, 9, 0)	[1, 0, 0, 0, 1, 1, 0, 0, 1, 0, 0]
(4, 9, 0)	[1, 0, 0, 0, 1, 1, 0, 1, 0, 0, 0]
(4, 9, 0)	[1, 0, 1, 0, 0, 0, 0, 0, 1, 1, 0]
(4, 9, 0)	[1, 0, 1, 0, 0, 0, 0, 1, 1, 0, 0]
(4, 9, 0)	[1, 0, 1, 0, 0, 0, 1, 0, 0, 1, 0]
(4, 9, 0)	[1, 0, 1, 0, 0, 0, 1, 0, 1, 0, 0]
(4, 9, 0)	[1, 0, 1, 0, 0, 0, 1, 1, 0, 0, 0]
(4, 9, 0)	[1, 0, 1, 0, 0, 1, 0, 0, 0, 1, 0]
(4, 9, 0)	[1, 0, 1, 0, 0, 1, 0, 0, 1, 0, 0]
(4, 9, 0)	[1, 0, 1, 0, 0, 1, 0, 1, 0, 0, 0]
(4, 9, 0)	[1, 1, 0, 0, 0, 0, 0, 1, 1, 0, 0]
(4, 9, 0)	[1, 1, 0, 0, 0, 0, 1, 1, 0, 0, 0]
(4, 9, 0)	[1, 1, 0, 0, 0, 1, 0, 0, 1, 0, 0]
(4, 9, 0)	[1, 1, 0, 0, 0, 1, 0, 1, 0, 0, 0]
(4, 9, 0)	[1, 1, 0, 0, 0, 1, 1, 0, 0, 0, 0]
(4, 9, 0)	[1, 1, 0, 0, 1, 0, 0, 0, 1, 0, 0]
(4, 9, 0)	[1, 1, 0, 0, 1, 0, 1, 0, 0, 0, 0]
(4, 9, 0)	[1, 1, 0, 0, 1, 1, 0, 0, 0, 0, 0]
(4, 9, 0)	[1, 1, 1, 0, 0, 0, 0, 0, 1, 0, 0]
(4, 9, 0)	[1, 1, 1, 0, 0, 0, 1, 0, 0, 0, 0]
(4, 9, 0)	[1, 1, 1, 0, 0, 1, 0, 0, 0, 0, 0]
(4, 6, 4)	[0, 0, 0, 0, 1, 1, 0, 0, 1, 1, 0]
(4, 6, 4)	[0, 0, 0, 1, 0, 1, 1, 0, 0, 0, 1]
(4, 6, 4)	[0, 0, 1, 0, 0, 1, 0, 0, 1, 1, 0]
(4, 6, 4)	[0, 1, 0, 0, 0, 1, 1, 1, 0, 0, 0]
(4, 6, 4)	[0, 1, 0, 1, 0, 0, 0, 1, 0, 0, 1]
(4, 6, 4)	[1, 0, 0, 0, 1, 0, 0, 1, 0, 1, 0]
(4, 6, 4)	[1, 0, 1, 0, 0, 0, 0, 1, 0, 1, 0]
(5, 11, 0)	[0, 0, 0, 0, 0, 1, 0, 1, 1, 1, 1]
(5, 11, 0)	[0, 0, 0, 0, 0, 1, 1, 1, 0, 1, 1]
(5, 11, 0)	[0, 0, 0, 0, 0, 1, 1, 1, 1, 0, 1]
(5, 11, 0)	[0, 0, 0, 0, 1, 0, 0, 1, 1, 1, 1]
(5, 11, 0)	[0, 0, 0, 0, 1, 0, 1, 1, 0, 1, 1]
(5, 11, 0)	[0, 0, 0, 0, 1, 0, 1, 1, 1, 0, 1]
(5, 11, 0)	[0, 0, 0, 0, 1, 1, 0, 1, 0, 1, 1]
(5, 11, 0)	[0, 0, 0, 0, 1, 1, 0, 1, 1, 0, 1]
(5, 11, 0)	[0, 0, 0, 1, 0, 0, 0, 1, 1, 1, 1]
(5, 11, 0)	[0, 0, 0, 1, 0, 0, 1, 1, 0, 1, 1]
(5, 11, 0)	[0, 0, 0, 1, 0, 0, 1, 1, 1, 0, 1]
(5, 11, 0)	[0, 0, 0, 1, 0, 1, 0, 1, 0, 1, 1]
(5, 11, 0)	[0, 0, 0, 1, 0, 1, 0, 1, 1, 0, 1]
(5, 11, 0)	[0, 0, 0, 1, 0, 1, 0, 1, 1, 1, 0]
(5, 11, 0)	[0, 0, 0, 1, 0, 1, 1, 1, 0, 1, 0]
(5, 11, 0)	[0, 0, 0, 1, 0, 1, 1, 1, 1, 0, 0]
(5, 11, 0)	[0, 0, 0, 1, 1, 0, 0, 1, 1, 1, 0]
(5, 11, 0)	[0, 0, 0, 1, 1, 0, 1, 1, 0, 1, 0]
(5, 11, 0)	[0, 0, 0, 1, 1, 0, 1, 1, 1, 0, 0]
(5, 11, 0)	[0, 0, 0, 1, 1, 1, 0, 1, 0, 1, 0]
(5, 11, 0)	[0, 0, 0, 1, 1, 1, 0, 1, 1, 0, 0]
(5, 11, 0)	[0, 0, 1, 0, 0, 0, 0, 1, 1, 1, 1]
(5, 11, 0)	[0, 0, 1, 0, 0, 0, 1, 1, 0, 1, 1]
(5, 11, 0)	[0, 0, 1, 0, 0, 0, 1, 1, 1, 0, 1]
(5, 11, 0)	[0, 0, 1, 0, 0, 1, 0, 1, 0, 1, 1]
(5, 11, 0)	[0, 0, 1, 0, 0, 1, 0, 1, 1, 0, 1]
(5, 11, 0)	[0, 0, 1, 1, 0, 0, 0, 1, 1, 1, 0]
(5, 11, 0)	[0, 0, 1, 1, 0, 0, 1, 1, 0, 1, 0]
(5, 11, 0)	[0, 0, 1, 1, 0, 0, 1, 1, 1, 0, 0]
(5, 11, 0)	[0, 0, 1, 1, 0, 1, 0, 1, 0, 1, 0]
(5, 11, 0)	[0, 0, 1, 1, 0, 1, 0, 1, 1, 0, 0]
(5, 11, 0)	[0, 1, 0, 0, 0, 0, 0, 1, 1, 1, 1]
(5, 11, 0)	[0, 1, 0, 0, 0, 0, 1, 1, 0, 1, 1]
(5, 11, 0)	[0, 1, 0, 0, 0, 0, 1, 1, 1, 0, 1]
(5, 11, 0)	[0, 1, 0, 0, 0, 1, 0, 0, 1, 1, 1]
(5, 11, 0)	[0, 1, 0, 0, 0, 1, 0, 1, 0, 1, 1]
(5, 11, 0)	[0, 1, 0, 0, 0, 1, 0, 1, 1, 0, 1]
(5, 11, 0)	[0, 1, 0, 0, 0, 1, 1, 0, 0, 1, 1]
(5, 11, 0)	[0, 1, 0, 0, 0, 1, 1, 0, 1, 0, 1]
(5, 11, 0)	[0, 1, 0, 0, 1, 0, 0, 0, 1, 1, 1]
(5, 11, 0)	[0, 1, 0, 0, 1, 0, 1, 0, 0, 1, 1]
(5, 11, 0)	[0, 1, 0, 0, 1, 0, 1, 0, 1, 0, 1]
(5, 11, 0)	[0, 1, 0, 0, 1, 1, 0, 0, 0, 1, 1]
(5, 11, 0)	[0, 1, 0, 0, 1, 1, 0, 0, 1, 0, 1]
(5, 11, 0)	[0, 1, 0, 1, 0, 0, 0, 0, 1, 1, 1]
(5, 11, 0)	[0, 1, 0, 1, 0, 0, 0, 1, 1, 1, 0]
(5, 11, 0)	[0, 1, 0, 1, 0, 0, 1, 0, 0, 1, 1]
(5, 11, 0)	[0, 1, 0, 1, 0, 0, 1, 0, 1, 0, 1]
(5, 11, 0)	[0, 1, 0, 1, 0, 0, 1, 1, 0, 1, 0]
(5, 11, 0)	[0, 1, 0, 1, 0, 0, 1, 1, 1, 0, 0]
(5, 11, 0)	[0, 1, 0, 1, 0, 1, 0, 0, 0, 1, 1]
(5, 11, 0)	[0, 1, 0, 1, 0, 1, 0, 0, 1, 0, 1]
(5, 11, 0)	[0, 1, 0, 1, 0, 1, 0, 0, 1, 1, 0]
(5, 11, 0)	[0, 1, 0, 1, 0, 1, 0, 1, 0, 1, 0]
(5, 11, 0)	[0, 1, 0, 1, 0, 1, 0, 1, 1, 0, 0]
(5, 11, 0)	[0, 1, 0, 1, 0, 1, 1, 0, 0, 1, 0]
(5, 11, 0)	[0, 1, 0, 1, 0, 1, 1, 0, 1, 0, 0]
(5, 11, 0)	[0, 1, 0, 1, 1, 0, 0, 0, 1, 1, 0]
(5, 11, 0)	[0, 1, 0, 1, 1, 0, 1, 0, 0, 1, 0]
(5, 11, 0)	[0, 1, 0, 1, 1, 0, 1, 0, 1, 0, 0]
(5, 11, 0)	[0, 1, 0, 1, 1, 1, 0, 0, 0, 1, 0]
(5, 11, 0)	[0, 1, 0, 1, 1, 1, 0, 0, 1, 0, 0]
(5, 11, 0)	[0, 1, 1, 0, 0, 0, 0, 0, 1, 1, 1]
(5, 11, 0)	[0, 1, 1, 0, 0, 0, 1, 0, 0, 1, 1]
(5, 11, 0)	[0, 1, 1, 0, 0, 0, 1, 0, 1, 0, 1]
(5, 11, 0)	[0, 1, 1, 0, 0, 1, 0, 0, 0, 1, 1]
(5, 11, 0)	[0, 1, 1, 0, 0, 1, 0, 0, 1, 0, 1]
(5, 11, 0)	[0, 1, 1, 1, 0, 0, 0, 0, 1, 1, 0]
(5, 11, 0)	[0, 1, 1, 1, 0, 0, 1, 0, 0, 1, 0]
(5, 11, 0)	[0, 1, 1, 1, 0, 0, 1, 0, 1, 0, 0]
(5, 11, 0)	[0, 1, 1, 1, 0, 1, 0, 0, 0, 1, 0]
(5, 11, 0)	[0, 1, 1, 1, 0, 1, 0, 0, 1, 0, 0]
(5, 11, 0)	[1, 0, 0, 0, 0, 0, 0, 1, 1, 1, 1]
(5, 11, 0)	[1, 0, 0, 0, 0, 0, 1, 1, 0, 1, 1]
(5, 11, 0)	[1, 0, 0, 0, 0, 0, 1, 1, 1, 0, 1]
(5, 11, 0)	[1, 0, 0, 0, 0, 1, 0, 0, 1, 1, 1]
(5, 11, 0)	[1, 0, 0, 0, 0, 1, 0, 1, 0, 1, 1]
(5, 11, 0)	[1, 0, 0, 0, 0, 1, 1, 0, 0, 1, 1]
(5, 11, 0)	[1, 0, 0, 0, 0, 1, 1, 0, 1, 0, 1]
(5, 11, 0)	[1, 0, 0, 0, 0, 1, 1, 1, 0, 0, 1]
(5, 11, 0)	[1, 0, 0, 0, 1, 0, 0, 0, 1, 1, 1]
(5, 11, 0)	[1, 0, 0, 0, 1, 0, 0, 1, 1, 0, 1]
(5, 11, 0)	[1, 0, 0, 0, 1, 0, 1, 0, 0, 1, 1]
(5, 11, 0)	[1, 0, 0, 0, 1, 0, 1, 0, 1, 0, 1]
(5, 11, 0)	[1, 0, 0, 0, 1, 0, 1, 1, 0, 0, 1]
(5, 11, 0)	[1, 0, 0, 0, 1, 1, 0, 0, 0, 1, 1]
(5, 11, 0)	[1, 0, 0, 0, 1, 1, 0, 0, 1, 0, 1]
(5, 11, 0)	[1, 0, 0, 0, 1, 1, 0, 1, 0, 0, 1]
(5, 11, 0)	[1, 0, 0, 1, 0, 0, 0, 0, 1, 1, 1]
(5, 11, 0)	[1, 0, 0, 1, 0, 0, 0, 1, 1, 0, 1]
(5, 11, 0)	[1, 0, 0, 1, 0, 0, 0, 1, 1, 1, 0]
(5, 11, 0)	[1, 0, 0, 1, 0, 0, 1, 0, 0, 1, 1]
(5, 11, 0)	[1, 0, 0, 1, 0, 0, 1, 0, 1, 0, 1]
(5, 11, 0)	[1, 0, 0, 1, 0, 0, 1, 1, 0, 0, 1]
(5, 11, 0)	[1, 0, 0, 1, 0, 0, 1, 1, 0, 1, 0]
(5, 11, 0)	[1, 0, 0, 1, 0, 0, 1, 1, 1, 0, 0]
(5, 11, 0)	[1, 0, 0, 1, 0, 1, 0, 0, 0, 1, 1]
(5, 11, 0)	[1, 0, 0, 1, 0, 1, 0, 0, 1, 0, 1]
(5, 11, 0)	[1, 0, 0, 1, 0, 1, 0, 0, 1, 1, 0]
(5, 11, 0)	[1, 0, 0, 1, 0, 1, 0, 1, 0, 0, 1]
(5, 11, 0)	[1, 0, 0, 1, 0, 1, 0, 1, 0, 1, 0]
(5, 11, 0)	[1, 0, 0, 1, 0, 1, 1, 0, 0, 1, 0]
(5, 11, 0)	[1, 0, 0, 1, 0, 1, 1, 0, 1, 0, 0]
(5, 11, 0)	[1, 0, 0, 1, 0, 1, 1, 1, 0, 0, 0]
(5, 11, 0)	[1, 0, 0, 1, 1, 0, 0, 0, 1, 1, 0]
(5, 11, 0)	[1, 0, 0, 1, 1, 0, 0, 1, 1, 0, 0]
(5, 11, 0)	[1, 0, 0, 1, 1, 0, 1, 0, 0, 1, 0]
(5, 11, 0)	[1, 0, 0, 1, 1, 0, 1, 0, 1, 0, 0]
(5, 11, 0)	[1, 0, 0, 1, 1, 0, 1, 1, 0, 0, 0]
(5, 11, 0)	[1, 0, 0, 1, 1, 1, 0, 0, 0, 1, 0]
(5, 11, 0)	[1, 0, 0, 1, 1, 1, 0, 0, 1, 0, 0]
(5, 11, 0)	[1, 0, 0, 1, 1, 1, 0, 1, 0, 0, 0]
(5, 11, 0)	[1, 0, 1, 0, 0, 0, 0, 0, 1, 1, 1]
(5, 11, 0)	[1, 0, 1, 0, 0, 0, 0, 1, 1, 0, 1]
(5, 11, 0)	[1, 0, 1, 0, 0, 0, 1, 0, 0, 1, 1]
(5, 11, 0)	[1, 0, 1, 0, 0, 0, 1, 0, 1, 0, 1]
(5, 11, 0)	[1, 0, 1, 0, 0, 0, 1, 1, 0, 0, 1]
(5, 11, 0)	[1, 0, 1, 0, 0, 1, 0, 0, 0, 1, 1]
(5, 11, 0)	[1, 0, 1, 0, 0, 1, 0, 0, 1, 0, 1]
(5, 11, 0)	[1, 0, 1, 0, 0, 1, 0, 1, 0, 0, 1]
(5, 11, 0)	[1, 0, 1, 1, 0, 0, 0, 0, 1, 1, 0]
(5, 11, 0)	[1, 0, 1, 1, 0, 0, 0, 1, 1, 0, 0]
(5, 11, 0)	[1, 0, 1, 1, 0, 0, 1, 0, 0, 1, 0]
(5, 11, 0)	[1, 0, 1, 1, 0, 0, 1, 0, 1, 0, 0]
(5, 11, 0)	[1, 0, 1, 1, 0, 0, 1, 1, 0, 0, 0]
(5, 11, 0)	[1, 0, 1, 1, 0, 1, 0, 0, 0, 1, 0]
(5, 11, 0)	[1, 0, 1, 1, 0, 1, 0, 0, 1, 0, 0]
(5, 11, 0)	[1, 0, 1, 1, 0, 1, 0, 1, 0, 0, 0]
(5, 11, 0)	[1, 1, 0, 0, 0, 0, 0, 1, 1, 0, 1]
(5, 11, 0)	[1, 1, 0, 0, 0, 0, 1, 1, 0, 0, 1]
(5, 11, 0)	[1, 1, 0, 0, 0, 1, 0, 0, 1, 0, 1]
(5, 11, 0)	[1, 1, 0, 0, 0, 1, 0, 1, 0, 0, 1]
(5, 11, 0)	[1, 1, 0, 0, 0, 1, 1, 0, 0, 0, 1]
(5, 11, 0)	[1, 1, 0, 0, 1, 0, 0, 0, 1, 0, 1]
(5, 11, 0)	[1, 1, 0, 0, 1, 0, 1, 0, 0, 0, 1]
(5, 11, 0)	[1, 1, 0, 0, 1, 1, 0, 0, 0, 0, 1]
(5, 11, 0)	[1, 1, 0, 1, 0, 0, 0, 0, 1, 0, 1]
(5, 11, 0)	[1, 1, 0, 1, 0, 0, 0, 1, 1, 0, 0]
(5, 11, 0)	[1, 1, 0, 1, 0, 0, 1, 0, 0, 0, 1]
(5, 11, 0)	[1, 1, 0, 1, 0, 0, 1, 1, 0, 0, 0]
(5, 11, 0)	[1, 1, 0, 1, 0, 1, 0, 0, 0, 0, 1]
(5, 11, 0)	[1, 1, 0, 1, 0, 1, 0, 0, 1, 0, 0]
(5, 11, 0)	[1, 1, 0, 1, 0, 1, 0, 1, 0, 0, 0]
(5, 11, 0)	[1, 1, 0, 1, 0, 1, 1, 0, 0, 0, 0]
(5, 11, 0)	[1, 1, 0, 1, 1, 0, 0, 0, 1, 0, 0]
(5, 11, 0)	[1, 1, 0, 1, 1, 0, 1, 0, 0, 0, 0]
(5, 11, 0)	[1, 1, 0, 1, 1, 1, 0, 0, 0, 0, 0]
(5, 11, 0)	[1, 1, 1, 0, 0, 0, 0, 0, 1, 0, 1]
(5, 11, 0)	[1, 1, 1, 0, 0, 0, 1, 0, 0, 0, 1]
(5, 11, 0)	[1, 1, 1, 0, 0, 1, 0, 0, 0, 0, 1]
(5, 11, 0)	[1, 1, 1, 1, 0, 0, 0, 0, 1, 0, 0]
(5, 11, 0)	[1, 1, 1, 1, 0, 0, 1, 0, 0, 0, 0]
(5, 11, 0)	[1, 1, 1, 1, 0, 1, 0, 0, 0, 0, 0]
(5, 9, 5)	[0, 1, 0, 0, 0, 1, 0, 1, 1, 1, 0]
(5, 9, 5)	[1, 0, 0, 0, 0, 1, 1, 1, 0, 1, 0]
(5, 9, 5)	[1, 0, 0, 0, 1, 0, 1, 1, 1, 0, 0]
(5, 9, 5)	[1, 0, 1, 0, 0, 0, 1, 1, 1, 0, 0]
(5, 9, 5)	[1, 1, 0, 0, 1, 1, 0, 0, 1, 0, 0]
(5, 9, 5)	[1, 1, 1, 0, 0, 1, 0, 0, 1, 0, 0]
(6, 11, 6)	[1, 0, 0, 1, 0, 0, 1, 1, 1, 0, 1]
(6, 11, 6)	[1, 1, 0, 1, 0, 1, 0, 0, 1, 0, 1]
(7, 11, 7)	[0, 1, 0, 1, 0, 0, 1, 1, 1, 1, 1]
(7, 11, 7)	[0, 1, 0, 1, 0, 1, 0, 1, 1, 1, 1]
(7, 11, 7)	[1, 0, 0, 1, 0, 0, 1, 1, 1, 1, 1]
(7, 11, 7)	[1, 0, 0, 1, 0, 1, 0, 1, 1, 1, 1]
(7, 11, 7)	[1, 0, 0, 1, 0, 1, 1, 1, 0, 1, 1]
(7, 11, 7)	[1, 0, 0, 1, 0, 1, 1, 1, 1, 0, 1]
(7, 11, 7)	[1, 0, 0, 1, 1, 0, 1, 1, 1, 0, 1]
(7, 11, 7)	[1, 0, 0, 1, 1, 1, 0, 1, 1, 0, 1]
(7, 11, 7)	[1, 0, 1, 1, 0, 0, 1, 1, 1, 0, 1]
(7, 11, 7)	[1, 0, 1, 1, 0, 1, 0, 1, 1, 0, 1]
(7, 11, 7)	[1, 1, 0, 1, 0, 0, 1, 1, 1, 0, 1]
(7, 11, 7)	[1, 1, 0, 1, 0, 1, 0, 0, 1, 1, 1]
(7, 11, 7)	[1, 1, 0, 1, 0, 1, 0, 1, 1, 0, 1]
(7, 11, 7)	[1, 1, 0, 1, 0, 1, 1, 0, 0, 1, 1]
(7, 11, 7)	[1, 1, 0, 1, 0, 1, 1, 0, 1, 0, 1]
(7, 11, 7)	[1, 1, 0, 1, 1, 0, 1, 0, 1, 0, 1]
(7, 11, 7)	[1, 1, 0, 1, 1, 1, 0, 0, 1, 0, 1]
(7, 11, 7)	[1, 1, 1, 1, 0, 0, 1, 0, 1, 0, 1]
(7, 11, 7)	[1, 1, 1, 1, 0, 1, 0, 0, 1, 0, 1]
(8, 11, 8)	[0, 1, 0, 1, 0, 1, 1, 1, 1, 1, 1]
(8, 11, 8)	[0, 1, 0, 1, 1, 0, 1, 1, 1, 1, 1]
(8, 11, 8)	[0, 1, 0, 1, 1, 1, 0, 1, 1, 1, 1]
(8, 11, 8)	[0, 1, 1, 1, 0, 0, 1, 1, 1, 1, 1]
(8, 11, 8)	[0, 1, 1, 1, 0, 1, 0, 1, 1, 1, 1]
(8, 11, 8)	[1, 0, 0, 1, 0, 1, 1, 1, 1, 1, 1]
(8, 11, 8)	[1, 0, 0, 1, 1, 0, 1, 1, 1, 1, 1]
(8, 11, 8)	[1, 0, 0, 1, 1, 1, 0, 1, 1, 1, 1]
(8, 11, 8)	[1, 0, 0, 1, 1, 1, 1, 1, 0, 1, 1]
(8, 11, 8)	[1, 0, 0, 1, 1, 1, 1, 1, 1, 0, 1]
(8, 11, 8)	[1, 0, 1, 1, 0, 0, 1, 1, 1, 1, 1]
(8, 11, 8)	[1, 0, 1, 1, 0, 1, 0, 1, 1, 1, 1]
(8, 11, 8)	[1, 0, 1, 1, 0, 1, 1, 1, 0, 1, 1]
(8, 11, 8)	[1, 0, 1, 1, 0, 1, 1, 1, 1, 0, 1]
(8, 11, 8)	[1, 0, 1, 1, 1, 0, 1, 1, 1, 0, 1]
(8, 11, 8)	[1, 0, 1, 1, 1, 1, 0, 1, 1, 0, 1]
(8, 11, 8)	[1, 1, 0, 1, 0, 0, 1, 1, 1, 1, 1]
(8, 11, 8)	[1, 1, 0, 1, 0, 1, 0, 1, 1, 1, 1]
(8, 11, 8)	[1, 1, 0, 1, 0, 1, 1, 0, 1, 1, 1]
(8, 11, 8)	[1, 1, 0, 1, 0, 1, 1, 1, 0, 1, 1]
(8, 11, 8)	[1, 1, 0, 1, 0, 1, 1, 1, 1, 0, 1]
(8, 11, 8)	[1, 1, 0, 1, 1, 0, 1, 0, 1, 1, 1]
(8, 11, 8)	[1, 1, 0, 1, 1, 0, 1, 1, 1, 0, 1]
(8, 11, 8)	[1, 1, 0, 1, 1, 1, 0, 0, 1, 1, 1]
(8, 11, 8)	[1, 1, 0, 1, 1, 1, 0, 1, 1, 0, 1]
(8, 11, 8)	[1, 1, 0, 1, 1, 1, 1, 0, 0, 1, 1]
(8, 11, 8)	[1, 1, 0, 1, 1, 1, 1, 0, 1, 0, 1]
(8, 11, 8)	[1, 1, 1, 1, 0, 0, 1, 0, 1, 1, 1]
(8, 11, 8)	[1, 1, 1, 1, 0, 0, 1, 1, 1, 0, 1]
(8, 11, 8)	[1, 1, 1, 1, 0, 1, 0, 0, 1, 1, 1]
(8, 11, 8)	[1, 1, 1, 1, 0, 1, 0, 1, 1, 0, 1]
(8, 11, 8)	[1, 1, 1, 1, 0, 1, 1, 0, 0, 1, 1]
(8, 11, 8)	[1, 1, 1, 1, 0, 1, 1, 0, 1, 0, 1]
(8, 11, 8)	[1, 1, 1, 1, 1, 0, 1, 0, 1, 0, 1]
(8, 11, 8)	[1, 1, 1, 1, 1, 1, 0, 0, 1, 0, 1]
(9, 11, 9)	[0, 1, 0, 1, 1, 1, 1, 1, 1, 1, 1]
(9, 11, 9)	[0, 1, 1, 1, 0, 1, 1, 1, 1, 1, 1]
(9, 11, 9)	[0, 1, 1, 1, 1, 0, 1, 1, 1, 1, 1]
(9, 11, 9)	[0, 1, 1, 1, 1, 1, 0, 1, 1, 1, 1]
(9, 11, 9)	[1, 0, 0, 1, 1, 1, 1, 1, 1, 1, 1]
(9, 11, 9)	[1, 0, 1, 1, 0, 1, 1, 1, 1, 1, 1]
(9, 11, 9)	[1, 0, 1, 1, 1, 0, 1, 1, 1, 1, 1]
(9, 11, 9)	[1, 0, 1, 1, 1, 1, 0, 1, 1, 1, 1]
(9, 11, 9)	[1, 0, 1, 1, 1, 1, 1, 1, 0, 1, 1]
(9, 11, 9)	[1, 0, 1, 1, 1, 1, 1, 1, 1, 0, 1]
(9, 11, 9)	[1, 1, 0, 1, 0, 1, 1, 1, 1, 1, 1]
(9, 11, 9)	[1, 1, 0, 1, 1, 0, 1, 1, 1, 1, 1]
(9, 11, 9)	[1, 1, 0, 1, 1, 1, 0, 1, 1, 1, 1]
(9, 11, 9)	[1, 1, 0, 1, 1, 1, 1, 0, 1, 1, 1]
(9, 11, 9)	[1, 1, 0, 1, 1, 1, 1, 1, 0, 1, 1]
(9, 11, 9)	[1, 1, 0, 1, 1, 1, 1, 1, 1, 0, 1]
(9, 11, 9)	[1, 1, 1, 1, 0, 0, 1, 1, 1, 1, 1]
(9, 11, 9)	[1, 1, 1, 1, 0, 1, 0, 1, 1, 1, 1]
(9, 11, 9)	[1, 1, 1, 1, 0, 1, 1, 0, 1, 1, 1]
(9, 11, 9)	[1, 1, 1, 1, 0, 1, 1, 1, 0, 1, 1]
(9, 11, 9)	[1, 1, 1, 1, 0, 1, 1, 1, 1, 0, 1]
(9, 11, 9)	[1, 1, 1, 1, 1, 0, 1, 0, 1, 1, 1]
(9, 11, 9)	[1, 1, 1, 1, 1, 0, 1, 1, 1, 0, 1]
(9, 11, 9)	[1, 1, 1, 1, 1, 1, 0, 0, 1, 1, 1]
(9, 11, 9)	[1, 1, 1, 1, 1, 1, 0, 1, 1, 0, 1]
(9, 11, 9)	[1, 1, 1, 1, 1, 1, 1, 0, 0, 1, 1]
(9, 11, 9)	[1, 1, 1, 1, 1, 1, 1, 0, 1, 0, 1]
(10, 11, 10)	[0, 1, 1, 1, 1, 1, 1, 1, 1, 1, 1]
(10, 11, 10)	[1, 0, 1, 1, 1, 1, 1, 1, 1, 1, 1]
(10, 11, 10)	[1, 1, 0, 1, 1, 1, 1, 1, 1, 1, 1]
(10, 11, 10)	[1, 1, 1, 1, 0, 1, 1, 1, 1, 1, 1]
(10, 11, 10)	[1, 1, 1, 1, 1, 0, 1, 1, 1, 1, 1]
(10, 11, 10)	[1, 1, 1, 1, 1, 1, 0, 1, 1, 1, 1]
(10, 11, 10)	[1, 1, 1, 1, 1, 1, 1, 0, 1, 1, 1]
(10, 11, 10)	[1, 1, 1, 1, 1, 1, 1, 1, 0, 1, 1]
(10, 11, 10)	[1, 1, 1, 1, 1, 1, 1, 1, 1, 0, 1]
(11, 11, 11)	[1, 1, 1, 1, 1, 1, 1, 1, 1, 1, 1]
